           1           0         197         197   1.49942446    
     5.934     -0.763     1     3      6.171     0  2212
    -0.486     -4.009     2     3      6.008     0  2212
    -0.825      0.970     3     3      5.960     0  2212
     2.138     -1.659     4     3      5.511     0  2112
    -1.249      0.412     5     3      5.284     0  2212
     0.799     -0.557     6     3      5.250     0  2212
    -1.310      2.918     7     3      5.117     0  2212
     0.568      4.369     8     3      5.061     0  2212
     3.519      0.381     9     3      4.926     0  2212
    -2.703      4.195    10     3      4.917     0  2212
    -0.171     -3.230    11     3      4.875     0  2212
    -0.875      1.147    12     3      4.683     0  2212
     3.941      1.980    13     3      4.659     0  2212
     1.089     -4.374    14     3      4.616     0  2212
     2.782     -0.858    15     3      4.585     0  2212
     2.649      4.741    16     3      4.514     0  2212
    -0.422     -4.467    17     3      4.477     0  2212
     6.036     -4.852    18     0      4.398  2212  2212
     0.360     -1.636    19     3      4.256     0  2212
    -0.652     -6.276    20     3      4.140     0  2212
     2.593     -2.277    21     3      4.082     0  2212
     2.950     -3.646    22     3      4.020     0  2212
     0.974     -4.028    23     3      3.976     0  2212
    -1.570     -1.503    24     3      3.964     0  2212
    -3.323     -1.849    25     3      3.879     0  2212
    -2.205      0.792    26     3      3.823     0  2112
     0.471      3.467    27     3      3.801     0  2212
     3.866      0.399    28     3      3.755     0  2212
    -0.586     -1.846    29     3      3.595     0  2212
     1.265      2.078    30     3      3.529     0  2212
     1.085      4.192    31     3      3.400     0  2212
    -4.844      2.493    32     3      3.272     0  2212
    -1.344      1.061    33     3      3.239     0  2212
    -1.040      0.030    34     3      3.216     0  2212
    -2.031     -2.544    35     3      3.125     0  2212
     1.352     -5.186    36     3      3.053     0  2212
    -2.281     -0.584    37     3      3.022     0  2212
     0.482      5.455    38     3      3.018     0  2212
    -2.971      1.838    39     3      2.944     0  2212
     0.265     -0.417    40     3      2.906     0  2212
     3.113      3.904    41     3      2.902     0  2212
     4.361     -2.913    42     3      2.901     0  2212
     4.855      1.532    43     3      2.830     0  2212
     4.244      3.873    44     3      2.800     0  2212
     0.740      3.773    45     3      2.589     0  2212
     3.791     -0.157    46     3      2.494     0  2212
    -0.469      0.661    47     3      2.488     0  2212
     0.538     -3.685    48     3      2.482     0  2212
    -0.964      6.570    49     3      2.396     0  2212
     5.239     -0.984    50     3      2.329     0  2212
    -0.362      4.649    51     3      2.242     0  2212
     0.551      4.009    52     3      2.197     0  2212
     3.747     -2.889    53     3      2.190     0  2212
    -3.457      2.760    54     3      2.151     0  2212
     3.808     -1.617    55     3      2.133     0  2212
    -3.204      3.282    56     3      2.060     0  2212
     3.722      1.583    57     3      2.037     0  2212
    -0.929     -2.089    58     3      2.026     0  2212
    -3.665     -2.092    59     3      2.004     0  2212
     3.499      4.328    60     3      1.912     0  2212
     3.186     -6.713    61     0      1.906  2212  2212
    -3.870     -3.860    62     3      1.872     0  2212
     4.252     -0.978    63     3      1.814     0  2212
    -0.583     -2.349    64     3      1.776     0  2212
     1.514      3.450    65     3      1.733     0  2112
     4.375     -4.791    66     0      1.687  2212  2212
     2.343     -6.001    67     3      1.679     0  2212
    -0.900     -4.095    68     3      1.623     0  2112
     1.146     -7.333    69     0      1.620  2212  2212
     2.799      4.736    70     3      1.620     0  2212
    -1.580      4.381    71     3      1.607     0  2212
     3.500     -0.202    72     3      1.425     0  2212
     2.340      1.030    73     3      1.366     0  2212
     3.412      1.335    74     3      1.254     0  2212
     0.864      3.439    75     3      1.113     0  2212
     5.043      3.422    76     3      1.103     0  2212
     1.240      5.543    77     0      1.055  2212  2212
    -2.040      1.129    78     3      0.990     0  2212
    -0.637     -2.057    79     3      0.949     0  2212
     1.513     -0.122    80     3      0.897     0  2212
    -3.401     -0.816    81     3      0.877     0  2112
     4.607      3.972    82     1      0.841  2112  2112
     2.388      0.652    83     3      0.838     0  2112
     5.758     -0.443    84     3      0.783     0  2112
     4.309     -1.114    85     3      0.767     0  2112
     3.948     -3.799    86     3      0.762     0  2112
     2.529     -6.803    87     0      0.758  2112  2112
     5.393      0.129    88     3      0.741     0  2112
    -3.932     -2.990    89     3      0.706     0  2112
    -3.559     -4.903    90     3      0.655     0  2112
     5.515      4.186    91     0      0.566  2112  2112
    -0.292      2.239    92     3      0.540     0  2112
     3.693     -0.834    93     3      0.526     0  2112
     6.102     -1.581    94     0      0.465  2112  2112
    -0.122     -3.552    95     3      0.408     0  2112
    -1.214     -3.090    96     3      0.366     0  2212
    -0.867      2.251    97     3      0.266     0  2112
    -1.809     -3.631    98     3      0.222     0  2212
     1.781      6.476    99     3      0.169     0  2112
     2.166      1.039   100     3      0.102     0  2112
     2.362     -1.689   101     3      0.083     0  2112
     3.393      3.417   102     3      0.039     0  2112
     2.566     -2.750   103     3      0.039     0  2112
    -4.677     -0.703   104     3     -0.012     0  2112
    -2.753      1.322   105     3     -0.034     0  2112
    -5.596      0.520   106     3     -0.113     0  2112
    -3.536     -1.934   107     3     -0.153     0  2112
     3.864     -2.988   108     3     -0.192     0  2112
     3.174     -5.113   109     3     -0.250     0  2112
     5.680      0.916   110     0     -0.303  2112  2112
     3.183     -3.937   111     3     -0.323     0  2112
    -5.484     -2.007   112     3     -0.386     0  2112
     4.850     -6.819   113     0     -0.428  2112  2112
    -2.098      1.593   114     3     -0.466     0  2112
    -1.061     -5.747   115     3     -0.525     0  2112
    -4.167      3.907   116     3     -0.545     0  2112
     3.043      4.788   117     3     -0.611     0  2112
     6.055      4.533   118     0     -0.651  2112  2112
     0.614      0.022   119     3     -0.658     0  2112
    -3.070      0.679   120     3     -0.664     0  2112
    -0.085      7.248   121     3     -0.684     0  2112
     5.922     -1.623   122     0     -0.743  2112  2112
     0.885     -3.527   123     3     -0.786     0  2112
    -6.418     -3.040   124     3     -0.922     0  2212
    -5.019      3.863   125     3     -0.953     0  2112
    -1.513      5.788   126     3     -1.060     0  2112
     0.717      6.195   127     1     -1.167  2112  2112
    -1.647     -2.707   128     3     -1.194     0  2112
    -0.095     -5.583   129     3     -1.289     0  2112
     3.502      3.551   130     3     -1.395     0  2112
     0.943      0.970   131     3     -1.456     0  2212
    -0.718      0.450   132     3     -1.587     0  2112
     4.602     -1.592   133     3     -1.729     0  2112
     7.329     -1.567   134     0     -1.834  2112  2112
     0.766     -2.738   135     3     -1.948     0  2112
     1.097      3.831   136     3     -1.966     0  2112
     0.441     -4.542   137     3     -1.968     0  2112
    -2.405      4.083   138     3     -2.006     0  2112
    -2.943      0.538   139     3     -2.047     0  2112
     2.404     -1.354   140     3     -2.071     0  2112
    -2.515     -2.961   141     3     -2.132     0  2112
     4.877     -3.417   142     3     -2.198     0  2112
     2.360      2.626   143     3     -2.238     0  2112
     5.929     -0.210   144     3     -2.283     0  2112
     3.438      5.066   145     1     -2.291  2112  2112
     3.260      0.331   146     3     -2.305     0  2112
     1.402     -1.379   147     3     -2.329     0  2112
     2.867     -4.314   148     0     -2.337  2112  2112
     5.193      1.568   149     3     -2.383     0  2112
    -0.422     -5.776   150     3     -2.413     0  2112
     4.836      2.961   151     3     -2.572     0  2112
     3.533      2.760   152     3     -2.601     0  2112
     1.612     -4.287   153     3     -2.601     0  2112
    -4.182      1.299   154     3     -2.609     0  2112
     1.916     -1.520   155     3     -2.838     0  2112
    -2.048     -0.168   156     3     -2.854     0  2112
    -2.322      0.477   157     3     -2.907     0  2112
     2.631     -0.452   158     3     -3.054     0  2112
     3.727     -3.420   159     3     -3.286     0  2112
     4.788     -0.053   160     3     -3.301     0  2112
    -2.205      1.986   161     3     -3.361     0  2112
     1.709      3.234   162     3     -3.369     0  2112
    -2.263     -1.661   163     3     -3.393     0  2112
    -3.331     -2.709   164     3     -3.437     0  2112
     4.048      0.395   165     3     -3.509     0  2112
    -0.051     -1.215   166     3     -3.519     0  2112
     2.683     -3.785   167     3     -3.745     0  2112
     0.130     -3.996   168     3     -3.781     0  2112
     1.904     -2.783   169     3     -3.940     0  2112
     3.653      3.180   170     3     -3.969     0  2112
     2.142     -2.072   171     3     -3.987     0  2112
    -1.749      1.087   172     3     -3.991     0  2112
     4.457      0.111   173     3     -4.023     0  2112
     2.191      1.592   174     3     -4.257     0  2112
     1.691     -4.690   175     3     -4.394     0  2112
    -3.227     -3.311   176     3     -4.437     0  2112
    -2.331      0.145   177     3     -4.442     0  2112
     0.247      0.349   178     3     -4.664     0  2112
     1.596      1.433   179     3     -4.808     0  2112
    -2.479      2.870   180     3     -4.852     0  2112
    -3.889     -0.505   181     3     -4.880     0  2112
     1.139      2.787   182     3     -4.989     0  2212
     2.089     -0.944   183     3     -5.019     0  2112
     3.939      2.789   184     3     -5.092     0  2112
    -3.345      1.590   185     3     -5.128     0  2112
    -1.126     -3.197   186     3     -5.490     0  2112
    -1.774     -1.132   187     3     -5.522     0  2112
    -1.174      2.318   188     3     -5.538     0  2112
    -1.027      1.637   189     3     -5.614     0  2112
    -1.357      0.116   190     3     -5.805     0  2112
    -3.360     -0.186   191     3     -6.064     0  2112
    -1.250      3.418   192     3     -6.090     0  2112
     4.106      3.935   193     3     -6.145     0  2112
     4.617      2.845   194     3     -6.279     0  2112
    -2.111      3.025   195     3     -6.415     0  2112
    -1.092      0.172   196     3     -6.494     0  2112
     4.220      1.052   197     3     -7.381     0  2112
     0.248     -0.241    -1     3     -7.579     0  2112
    -0.772      2.116    -2     3     -6.277     0  2112
    -4.819      0.198    -3     3     -5.464     0  2212
    -1.563     -1.728    -4     3     -5.264     0  2212
     0.197      3.993    -5     3     -5.199     0  2212
    -2.030     -1.003    -6     3     -5.023     0  2212
     0.674     -3.834    -7     3     -4.964     0  2212
     1.265     -2.703    -8     3     -4.866     0  2212
    -1.793     -0.158    -9     3     -4.781     0  2112
    -2.386      3.621   -10     3     -4.728     0  2212
    -3.388     -3.667   -11     3     -4.488     0  2212
    -6.309      0.020   -12     3     -4.371     0  2212
     2.258      2.201   -13     2     -4.350  2212  2212
    -1.981     -1.075   -14     3     -4.274     0  2212
    -2.486      1.685   -15     3     -4.256     0  2212
     0.096     -3.034   -16     3     -4.238     0  2212
    -2.800     -2.684   -17     3     -4.223     0  2212
     0.291      5.660   -18     3     -4.219     0  2212
     0.753     -0.030   -19     3     -4.187     0  2112
     0.755      1.047   -20     3     -3.982     0  2212
    -2.418     -3.175   -21     3     -3.962     0  2212
    -1.960      2.377   -22     3     -3.797     0  2212
    -3.214      0.801   -23     3     -3.772     0  2212
    -2.572      3.844   -24     3     -3.740     0  2212
    -3.291     -3.314   -25     3     -3.634     0  2212
    -3.366      0.013   -26     3     -3.518     0  2212
    -3.429      1.849   -27     3     -3.484     0  2212
     0.048     -0.889   -28     3     -3.413     0  2212
    -5.644      2.433   -29     0     -3.391  2212  2212
    -0.115      3.566   -30     3     -3.294     0  2212
    -2.003     -2.881   -31     3     -3.238     0  2212
     0.760     -2.646   -32     3     -3.152     0  2212
    -0.765      4.789   -33     3     -3.142     0  2212
     1.965      2.446   -34     3     -3.063     0  2212
     0.095      0.036   -35     3     -3.053     0  2212
    -5.879     -1.083   -36     1     -3.016  2212  2212
    -1.442      2.020   -37     3     -2.997     0  2212
    -1.734     -0.228   -38     3     -2.935     0  2212
    -5.147      1.405   -39     3     -2.817     0  2212
    -2.775      1.052   -40     3     -2.722     0  2212
    -1.491     -4.237   -41     3     -2.718     0  2212
     1.237     -2.826   -42     3     -2.699     0  2212
    -4.648     -1.053   -43     1     -2.654  2212  2212
    -1.771      3.916   -44     3     -2.521     0  2212
    -0.144     -0.174   -45     3     -2.514     0  2212
     2.344     -4.934   -46     3     -2.414     0  2212
    -1.418      5.083   -47     3     -2.407     0  2212
    -0.784      4.847   -48     3     -2.398     0  2212
    -0.352     -1.344   -49     3     -2.256     0  2212
     0.414     -1.913   -50     3     -2.241     0  2212
    -1.490     -1.631   -51     3     -2.214     0  2212
     0.574     -3.726   -52     3     -2.037     0  2212
    -1.119     -4.791   -53     3     -2.030     0  2112
    -0.989      5.225   -54     3     -2.001     0  2212
     4.433      2.286   -55     3     -1.929     0  2212
     0.343     -2.887   -56     3     -1.884     0  2212
    -0.001      2.774   -57     3     -1.863     0  2212
    -7.074     -0.792   -58     0     -1.802  2212  2212
    -0.326     -3.419   -59     3     -1.767     0  2212
    -4.994     -2.402   -60     3     -1.661     0  2112
     2.041     -1.304   -61     3     -1.637     0  2212
     3.164     -2.697   -62     3     -1.629     0  2212
    -1.207      4.597   -63     3     -1.623     0  2212
     1.154     -3.448   -64     3     -1.613     0  2212
    -0.461      1.435   -65     3     -1.567     0  2212
    -3.575      4.975   -66     3     -1.521     0  2212
    -7.080      4.019   -67     0     -1.504  2212  2212
    -2.241     -4.628   -68     3     -1.500     0  2212
    -6.352     -1.935   -69     3     -1.492     0  2212
    -4.641     -1.764   -70     3     -1.450     0  2212
     0.581     -4.709   -71     3     -1.395     0  2212
     4.266     -0.472   -72     3     -1.352     0  2212
    -1.983     -0.756   -73     3     -1.311     0  2212
     4.202     -0.992   -74     3     -1.304     0  2212
     2.588     -0.662   -75     3     -1.224     0  2212
    -5.328     -2.634   -76     3     -1.160     0  2212
    -2.830      1.909   -77     3     -1.127     0  2212
     2.786      3.332   -78     3     -0.999     0  2212
     2.899      5.831   -79     3     -0.951     0  2212
    -4.781     -1.687   -80     3     -0.830     0  2112
    -0.341     -6.108   -81     3     -0.814     0  2112
    -3.796     -3.779   -82     3     -0.638     0  2112
    -2.708      1.358   -83     3     -0.625     0  2112
     0.442      1.354   -84     3     -0.557     0  2112
     2.252      0.597   -85     3     -0.519     0  2112
    -2.711     -5.837   -86     0     -0.473  2112  2112
    -6.767     -1.309   -87     0     -0.472  2112  2112
    -4.201     -1.842   -88     3     -0.437     0  2112
     0.993     -0.776   -89     3     -0.416     0  2112
    -2.925     -2.863   -90     3     -0.381     0  2112
    -2.649      2.427   -91     3     -0.369     0  2212
     2.253     -5.967   -92     3     -0.328     0  2112
    -3.634     -0.259   -93     3     -0.305     0  2112
     4.304     -0.534   -94     3     -0.256     0  2112
    -1.090     -4.623   -95     3     -0.215     0  2112
     1.948     -4.158   -96     3     -0.176     0  2112
    -1.197     -3.843   -97     3     -0.155     0  2112
     2.350      3.365   -98     3     -0.110     0  2112
     1.436      4.019   -99     3     -0.089     0  2112
    -2.807      4.443  -100     3     -0.057     0  2112
    -6.020     -1.894  -101     3      0.001     0  2112
     4.971      0.275  -102     3      0.066     0  2112
    -5.303     -3.364  -103     3      0.169     0  2112
    -0.554     -5.978  -104     3      0.182     0  2112
     4.106      1.270  -105     3      0.217     0  2112
    -2.334      5.299  -106     3      0.229     0  2112
    -1.832      0.081  -107     3      0.276     0  2112
    -2.303      6.366  -108     0      0.300  2112  2112
    -1.286      3.887  -109     3      0.310     0  2112
     2.900     -1.441  -110     3      0.312     0  2112
    -1.864     -1.640  -111     3      0.365     0  2112
     1.699     -2.171  -112     3      0.394     0  2112
     0.232      0.923  -113     3      0.508     0  2112
    -7.854      3.115  -114     0      0.537  2112  2112
    -5.585      3.372  -115     3      0.547     0  2112
     2.378      4.134  -116     3      0.580     0  2112
    -4.715      2.444  -117     3      0.658     0  2112
    -4.671     -3.851  -118     3      0.661     0  2112
    -9.977     -1.046  -119     0      0.695  2112  2112
    -2.667     -2.248  -120     3      0.713     0  2212
    -5.836     -0.013  -121     3      0.820     0  2112
    -2.730     -5.243  -122     3      0.821     0  2112
    -5.835     -3.287  -123     3      0.827     0  2112
     1.270      0.860  -124     3      0.970     0  2112
     0.060     -6.305  -125     3      0.978     0  2112
    -8.116     -1.129  -126     0      1.009  2112  2112
     0.888      4.105  -127     3      1.186     0  2112
     6.727     -3.163  -128     0      1.316  2112  2112
    -1.456     -4.781  -129     3      1.372     0  2112
    -5.461      1.765  -130     3      1.375     0  2112
    -0.904      0.710  -131     3      1.462     0  2112
     2.645      2.695  -132     3      1.466     0  2112
    -5.157      0.750  -133     3      1.657     0  2112
    -0.361      1.868  -134     3      1.659     0  2112
     2.903      1.383  -135     3      1.691     0  2112
     2.963     -5.210  -136     3      1.718     0  2112
    -2.483     -0.653  -137     3      1.721     0  2112
     3.220     -2.673  -138     3      1.728     0  2112
    -4.383     -3.517  -139     3      1.729     0  2112
    -0.680      3.015  -140     3      1.752     0  2112
    -4.369     -1.470  -141     3      1.845     0  2112
    -2.160     -7.519  -142     0      1.987  2112  2112
    -0.989      3.067  -143     3      2.020     0  2112
    -0.702     -5.108  -144     3      2.134     0  2112
    -3.706     -0.753  -145     3      2.171     0  2112
     4.221      3.658  -146     3      2.222     0  2112
    -0.014      6.445  -147     3      2.292     0  2112
     4.646      0.818  -148     3      2.295     0  2112
     3.427     -2.455  -149     3      2.402     0  2112
    -5.446      0.093  -150     3      2.411     0  2112
     2.482     -0.300  -151     3      2.446     0  2112
     2.755     -0.789  -152     3      2.513     0  2112
     0.185      1.775  -153     3      2.534     0  2112
    -0.186     -0.480  -154     3      2.551     0  2112
     3.226      0.512  -155     3      2.698     0  2112
    -0.903     -4.956  -156     3      2.738     0  2112
    -1.657      2.713  -157     3      2.795     0  2112
    -5.735      1.971  -158     0      2.800  2112  2112
    -0.204      3.730  -159     3      2.813     0  2112
    -0.389      0.659  -160     3      2.946     0  2112
     1.665     -1.961  -161     3      2.998     0  2212
     2.239     -1.629  -162     3      3.058     0  2112
     0.407     -5.046  -163     3      3.127     0  2112
     0.676      4.622  -164     3      3.185     0  2112
     2.588     -2.097  -165     3      3.216     0  2112
    -0.998     -1.617  -166     3      3.296     0  2112
    -0.498     -1.613  -167     3      3.298     0  2112
     2.265     -3.340  -168     3      3.441     0  2112
    -1.593     -3.459  -169     3      3.454     0  2112
     0.172      2.951  -170     3      3.460     0  2112
     1.552      3.826  -171     3      3.485     0  2212
     2.915      3.538  -172     3      3.491     0  2112
    -0.252      2.450  -173     3      3.523     0  2112
    -0.955     -3.829  -174     3      3.536     0  2112
    -4.166     -3.488  -175     3      3.570     0  2112
    -3.741     -0.072  -176     3      3.630     0  2112
     1.559      1.492  -177     3      3.659     0  2112
     2.394      6.290  -178     3      3.747     0  2112
     2.681     -0.100  -179     3      3.756     0  2112
    -3.657      1.586  -180     3      4.030     0  2112
    -3.230      1.748  -181     3      4.084     0  2112
     0.174     -4.475  -182     3      4.155     0  2112
     1.240     -0.376  -183     3      4.175     0  2112
    -1.012      2.149  -184     3      4.176     0  2112
     3.058      1.819  -185     3      4.510     0  2112
     0.272      3.580  -186     3      4.603     0  2112
     3.345      3.020  -187     3      4.631     0  2112
     4.702     -1.175  -188     3      4.654     0  2112
    -1.864      1.318  -189     3      4.854     0  2112
     1.023     -2.481  -190     3      4.999     0  2112
    -1.950      2.691  -191     3      5.135     0  2112
     3.470     -1.701  -192     3      5.161     0  2112
    -0.971     -2.933  -193     3      5.211     0  2112
    -2.859     -3.081  -194     3      5.393     0  2112
     0.889      2.593  -195     3      5.507     0  2112
    -3.549      0.777  -196     3      6.166     0  2112
    -3.736      1.384  -197     3      6.259     0  2112
